006_1 [[-99.0, 101.0], [208.0, 408.0], [416.0, 616.0], [1023.0, 1223.0], [1260.0, 1460.0], [1583.0, 1783.0], [1803.0, 2003.0], [3391.0, 3591.0], [3732.0, 3932.0], [4652.0, 4852.0], [4997.0, 5197.0], [6719.0, 6919.0], [8467.0, 8667.0]]
006_2 [[328.0, 528.0], [531.0, 731.0], [960.0, 1160.0], [1600.0, 1800.0]]
006_3 [[2966.0, 3166.0]]
006_4 [[-62.0, 138.0], [1344.0, 1544.0], [1569.0, 1769.0], [2260.0, 2460.0], [3366.0, 3566.0], [3723.0, 3923.0], [4013.0, 4213.0], [4218.0, 4418.0], [4435.0, 4635.0]]
006_5 [[71.0, 271.0], [300.0, 500.0], [809.0, 1009.0], [1103.0, 1303.0], [1583.0, 1783.0], [3104.0, 3304.0], [4588.0, 4788.0]]
006_6 [[569.0, 769.0], [1677.0, 1877.0], [1925.0, 2125.0], [2273.0, 2473.0], [3001.0, 3201.0], [3619.0, 3819.0], [4070.0, 4270.0]]
006_7 [[43.0, 243.0], [358.0, 558.0]]
007_5 [[1713.0, 1913.0], [1952.0, 2152.0], [2604.0, 2804.0], [2889.0, 3089.0], [3120.0, 3320.0]]
007_6 [[-14.0, 186.0], [219.0, 419.0], [497.0, 697.0], [701.0, 901.0], [919.0, 1119.0], [1669.0, 1869.0], [2115.0, 2315.0]]
007_7 [[1476.0, 1676.0]]
008_1 [[-88.0, 112.0], [258.0, 458.0]]
008_5 [[160.0, 360.0], [402.0, 602.0]]
008_6 [[720.0, 920.0]]
008_7 [[5060.0, 5260.0]]
009_3 [[275.0, 475.0], [541.0, 741.0], [903.0, 1103.0], [1249.0, 1449.0], [1627.0, 1827.0], [2035.0, 2235.0], [2318.0, 2518.0], [2783.0, 2983.0]]
009_4 [[396.0, 596.0], [615.0, 815.0]]
009_6 [[212.0, 412.0], [477.0, 677.0]]
009_7 [[-21.0, 179.0], [513.0, 713.0]]
010_1 [[597.0, 797.0], [801.0, 1001.0]]
010_2 [[185.0, 385.0], [529.0, 729.0], [975.0, 1175.0], [1287.0, 1487.0], [1641.0, 1841.0], [1896.0, 2096.0], [2290.0, 2490.0], [2951.0, 3151.0], [3741.0, 3941.0], [4131.0, 4331.0], [4502.0, 4702.0]]
010_3 [[-44.0, 156.0], [416.0, 616.0], [941.0, 1141.0], [3557.0, 3757.0]]
010_4 [[-29.0, 171.0], [493.0, 693.0], [694.0, 894.0], [1087.0, 1287.0], [1299.0, 1499.0], [1601.0, 1801.0], [1864.0, 2064.0], [2656.0, 2856.0], [2984.0, 3184.0]]
010_5 [[-30.0, 170.0], [366.0, 566.0], [946.0, 1146.0], [1429.0, 1629.0], [1820.0, 2020.0], [2261.0, 2461.0], [2588.0, 2788.0], [2842.0, 3042.0]]
010_6 [[434.0, 634.0]]
010_7 [[-95.0, 105.0], [198.0, 398.0]]
011_1 [[38.0, 238.0], [4009.0, 4209.0], [4746.0, 4946.0], [5293.0, 5493.0], [5499.0, 5699.0]]
011_2 [[-65.0, 135.0], [195.0, 395.0], [433.0, 633.0], [869.0, 1069.0], [1199.0, 1399.0], [1442.0, 1642.0], [2485.0, 2685.0]]
011_3 [[197.0, 397.0], [1254.0, 1454.0], [1462.0, 1662.0]]
011_4 [[142.0, 342.0], [461.0, 661.0], [1856.0, 2056.0], [2443.0, 2643.0], [4361.0, 4561.0]]
011_5 [[-33.0, 167.0], [257.0, 457.0], [768.0, 968.0], [6714.0, 6914.0], [8665.0, 8865.0]]
011_6 [[1456.0, 1656.0], [4695.0, 4895.0]]
011_7 [[570.0, 770.0], [873.0, 1073.0], [2462.0, 2662.0], [2690.0, 2890.0], [7935.0, 8135.0]]
012_3 [[4445.0, 4645.0], [4679.0, 4879.0], [4953.0, 5153.0], [5174.0, 5374.0]]
012_4 [[350.0, 550.0], [1119.0, 1319.0]]
012_5 [[80.0, 280.0], [358.0, 558.0], [564.0, 764.0]]
012_6 [[-93.0, 107.0], [163.0, 363.0], [730.0, 930.0], [1079.0, 1279.0], [2149.0, 2349.0], [4035.0, 4235.0]]
012_7 [[518.0, 718.0], [891.0, 1091.0]]
013_1 [[47.0, 247.0], [760.0, 960.0], [1119.0, 1319.0], [2150.0, 2350.0], [2502.0, 2702.0], [2939.0, 3139.0], [3876.0, 4076.0], [4146.0, 4346.0], [4593.0, 4793.0], [4883.0, 5083.0], [5085.0, 5285.0], [5487.0, 5687.0], [5888.0, 6088.0], [6275.0, 6475.0], [6665.0, 6865.0]]
013_2 [[2361.0, 2561.0], [2598.0, 2798.0]]
013_3 [[215.0, 415.0], [492.0, 692.0]]
013_6 [[299.0, 499.0], [564.0, 764.0]]
013_7 [[3459.0, 3659.0], [7387.0, 7587.0], [7623.0, 7823.0], [8037.0, 8237.0]]
014_1 [[246.0, 446.0], [449.0, 649.0], [945.0, 1145.0], [1284.0, 1484.0], [1533.0, 1733.0], [1914.0, 2114.0], [2225.0, 2425.0], [2547.0, 2747.0]]
014_2 [[863.0, 1063.0], [1070.0, 1270.0], [2152.0, 2352.0], [2356.0, 2556.0], [3699.0, 3899.0]]
014_3 [[89.0, 289.0], [378.0, 578.0], [683.0, 883.0], [895.0, 1095.0], [1735.0, 1935.0], [1942.0, 2142.0]]
014_4 [[1441.0, 1641.0], [1701.0, 1901.0], [2764.0, 2964.0], [3003.0, 3203.0]]
014_5 [[46.0, 246.0], [307.0, 507.0], [513.0, 713.0], [1080.0, 1280.0], [1506.0, 1706.0], [1883.0, 2083.0], [2187.0, 2387.0]]
014_6 [[28.0, 228.0], [436.0, 636.0], [852.0, 1052.0], [1209.0, 1409.0], [1712.0, 1912.0], [1936.0, 2136.0], [2274.0, 2474.0], [2699.0, 2899.0], [2917.0, 3117.0], [3600.0, 3800.0], [3992.0, 4192.0], [4419.0, 4619.0], [4637.0, 4837.0]]
014_7 [[-37.0, 163.0], [195.0, 395.0], [417.0, 617.0], [649.0, 849.0], [1010.0, 1210.0], [1310.0, 1510.0], [1632.0, 1832.0], [2300.0, 2500.0], [2589.0, 2789.0], [2840.0, 3040.0], [3363.0, 3563.0], [3704.0, 3904.0], [3908.0, 4108.0], [4355.0, 4555.0], [4642.0, 4842.0], [4858.0, 5058.0], [5125.0, 5325.0], [5335.0, 5535.0], [5647.0, 5847.0], [5943.0, 6143.0], [6276.0, 6476.0], [6533.0, 6733.0], [6754.0, 6954.0], [6991.0, 7191.0]]
015_1 [[-65.0, 135.0], [152.0, 352.0], [366.0, 566.0], [4785.0, 4985.0]]
015_3 [[181.0, 381.0]]
015_5 [[21.0, 221.0], [310.0, 510.0], [532.0, 732.0], [1220.0, 1420.0]]
015_6 [[293.0, 493.0], [1077.0, 1277.0], [3015.0, 3215.0], [4776.0, 4976.0], [5323.0, 5523.0], [5556.0, 5756.0]]
015_7 [[96.0, 296.0]]
016_1 [[415.0, 615.0], [792.0, 992.0], [1066.0, 1266.0]]
016_2 [[204.0, 404.0], [618.0, 818.0], [1005.0, 1205.0]]
016_4 [[-26.0, 174.0], [283.0, 483.0], [577.0, 777.0], [1009.0, 1209.0]]
016_5 [[-89.0, 111.0], [440.0, 640.0]]
016_6 [[1936.0, 2136.0], [2339.0, 2539.0]]
016_7 [[-58.0, 142.0], [2527.0, 2727.0], [2796.0, 2996.0], [3324.0, 3524.0], [11121.0, 11321.0]]
017_1 [[238.0, 438.0], [441.0, 641.0], [787.0, 987.0]]
017_2 [[267.0, 467.0]]
017_3 [[108.0, 308.0], [393.0, 593.0]]
017_4 [[-25.0, 175.0], [330.0, 530.0], [585.0, 785.0]]
017_5 [[571.0, 771.0], [891.0, 1091.0], [1156.0, 1356.0]]
017_6 [[587.0, 787.0], [1105.0, 1305.0], [1434.0, 1634.0]]
018_2 [[97.0, 297.0], [1805.0, 2005.0]]
018_3 [[1179.0, 1379.0], [1480.0, 1680.0], [1771.0, 1971.0], [2183.0, 2383.0], [2383.0, 2583.0]]
018_4 [[569.0, 769.0], [769.0, 969.0], [1009.0, 1209.0], [1302.0, 1502.0], [1637.0, 1837.0], [1839.0, 2039.0], [4707.0, 4907.0], [4910.0, 5110.0]]
018_5 [[107.0, 307.0], [591.0, 791.0], [1346.0, 1546.0], [1918.0, 2118.0], [4906.0, 5106.0], [5250.0, 5450.0]]
018_6 [[795.0, 995.0], [1070.0, 1270.0], [2773.0, 2973.0], [4303.0, 4503.0], [4579.0, 4779.0], [4869.0, 5069.0], [5079.0, 5279.0]]
018_7 [[-10.0, 190.0], [205.0, 405.0]]
019_1 [[150.0, 350.0], [379.0, 579.0], [789.0, 989.0], [1542.0, 1742.0], [2134.0, 2334.0], [2495.0, 2695.0], [2822.0, 3022.0], [3120.0, 3320.0], [3480.0, 3680.0], [3787.0, 3987.0], [4355.0, 4555.0]]
019_2 [[60.0, 260.0]]
019_3 [[49.0, 249.0], [262.0, 462.0], [583.0, 783.0], [829.0, 1029.0], [1067.0, 1267.0], [1322.0, 1522.0], [1705.0, 1905.0], [2204.0, 2404.0], [2692.0, 2892.0]]
019_5 [[367.0, 567.0], [727.0, 927.0], [1151.0, 1351.0], [1682.0, 1882.0], [1970.0, 2170.0], [2529.0, 2729.0]]
019_7 [[-82.0, 118.0], [224.0, 424.0]]
020_1 [[-59.0, 141.0], [191.0, 391.0], [593.0, 793.0], [1009.0, 1209.0], [1934.0, 2134.0], [2317.0, 2517.0], [2724.0, 2924.0], [2985.0, 3185.0], [3292.0, 3492.0], [3697.0, 3897.0], [3903.0, 4103.0], [4295.0, 4495.0], [4675.0, 4875.0], [5066.0, 5266.0], [5318.0, 5518.0], [5594.0, 5794.0], [5897.0, 6097.0], [6282.0, 6482.0], [6530.0, 6730.0], [6744.0, 6944.0], [7040.0, 7240.0], [7325.0, 7525.0], [7713.0, 7913.0]]
020_2 [[-16.0, 184.0], [369.0, 569.0], [674.0, 874.0]]
020_3 [[400.0, 600.0], [634.0, 834.0], [842.0, 1042.0], [1042.0, 1242.0], [1294.0, 1494.0], [1594.0, 1794.0], [1884.0, 2084.0], [2426.0, 2626.0], [2686.0, 2886.0], [3017.0, 3217.0], [3265.0, 3465.0]]
020_4 [[-93.0, 107.0], [1055.0, 1255.0], [1638.0, 1838.0], [1975.0, 2175.0], [2455.0, 2655.0], [2931.0, 3131.0]]
020_5 [[53.0, 253.0], [290.0, 490.0], [617.0, 817.0]]
020_6 [[-57.0, 143.0], [144.0, 344.0], [361.0, 561.0], [945.0, 1145.0], [1483.0, 1683.0], [1791.0, 1991.0], [1991.0, 2191.0], [2451.0, 2651.0], [2687.0, 2887.0], [3068.0, 3268.0], [3304.0, 3504.0], [3784.0, 3984.0], [4014.0, 4214.0], [4465.0, 4665.0]]
020_7 [[-37.0, 163.0], [637.0, 837.0], [968.0, 1168.0], [1465.0, 1665.0], [2766.0, 2966.0], [3423.0, 3623.0], [4184.0, 4384.0], [4526.0, 4726.0], [4736.0, 4936.0], [5014.0, 5214.0], [5320.0, 5520.0], [5647.0, 5847.0], [6258.0, 6458.0], [6939.0, 7139.0], [7613.0, 7813.0], [8899.0, 9099.0], [9252.0, 9452.0]]
021_3 [[669.0, 869.0], [877.0, 1077.0], [1198.0, 1398.0]]
022_2 [[414.0, 614.0], [1602.0, 1802.0], [2730.0, 2930.0], [3270.0, 3470.0], [3578.0, 3778.0], [4268.0, 4468.0], [4500.0, 4700.0]]
022_3 [[-3.0, 197.0], [374.0, 574.0], [699.0, 899.0], [958.0, 1158.0], [1572.0, 1772.0], [1859.0, 2059.0], [3407.0, 3607.0], [3622.0, 3822.0]]
022_6 [[42.0, 242.0], [326.0, 526.0], [627.0, 827.0]]
023_4 [[-30.0, 170.0], [353.0, 553.0]]
024_2 [[208.0, 408.0], [1402.0, 1602.0]]
024_3 [[-89.0, 111.0], [111.0, 311.0]]
024_5 [[121.0, 321.0], [372.0, 572.0], [698.0, 898.0]]
025_3 [[-89.0, 111.0], [253.0, 453.0], [477.0, 677.0], [817.0, 1017.0], [2975.0, 3175.0], [3180.0, 3380.0]]
025_5 [[386.0, 586.0], [619.0, 819.0], [857.0, 1057.0]]
026_2 [[538.0, 738.0], [1017.0, 1217.0], [1984.0, 2184.0], [2547.0, 2747.0], [2884.0, 3084.0], [3887.0, 4087.0]]
026_3 [[3520.0, 3720.0], [3818.0, 4018.0]]
026_7 [[916.0, 1116.0], [1536.0, 1736.0], [3532.0, 3732.0], [3933.0, 4133.0], [4220.0, 4420.0]]
028_4 [[67.0, 267.0], [312.0, 512.0], [859.0, 1059.0], [1067.0, 1267.0], [1328.0, 1528.0], [1536.0, 1736.0]]
030_1 [[205.0, 405.0], [2931.0, 3131.0], [3243.0, 3443.0], [4110.0, 4310.0]]
030_2 [[-75.0, 125.0], [629.0, 829.0], [882.0, 1082.0], [1112.0, 1312.0]]
030_5 [[109.0, 309.0], [825.0, 1025.0], [1579.0, 1779.0], [1876.0, 2076.0], [2079.0, 2279.0]]
032_2 [[627.0, 827.0], [1293.0, 1493.0], [1501.0, 1701.0], [2111.0, 2311.0], [2565.0, 2765.0], [2793.0, 2993.0], [3255.0, 3455.0]]
032_3 [[70.0, 270.0], [282.0, 482.0], [560.0, 760.0], [1066.0, 1266.0], [1767.0, 1967.0]]
032_4 [[-95.0, 105.0], [251.0, 451.0], [605.0, 805.0], [890.0, 1090.0], [1275.0, 1475.0], [1613.0, 1813.0], [2037.0, 2237.0], [2516.0, 2716.0], [2893.0, 3093.0], [3379.0, 3579.0], [3762.0, 3962.0], [4723.0, 4923.0], [4966.0, 5166.0], [5266.0, 5466.0]]
032_5 [[15.0, 215.0], [502.0, 702.0], [759.0, 959.0], [1426.0, 1626.0]]
032_6 [[289.0, 489.0], [497.0, 697.0]]
033_1 [[869.0, 1069.0], [1267.0, 1467.0], [1925.0, 2125.0], [2136.0, 2336.0], [2367.0, 2567.0], [2674.0, 2874.0], [3102.0, 3302.0], [3377.0, 3577.0], [3865.0, 4065.0], [4109.0, 4309.0], [4337.0, 4537.0], [4540.0, 4740.0], [4985.0, 5185.0], [5339.0, 5539.0]]
033_2 [[16.0, 216.0], [322.0, 522.0], [653.0, 853.0], [907.0, 1107.0], [1134.0, 1334.0], [1870.0, 2070.0], [2324.0, 2524.0], [2573.0, 2773.0], [3543.0, 3743.0]]
033_3 [[591.0, 791.0]]
033_4 [[16.0, 216.0], [281.0, 481.0], [663.0, 863.0]]
033_5 [[-31.0, 169.0], [176.0, 376.0]]
033_6 [[377.0, 577.0], [705.0, 905.0], [998.0, 1198.0], [1250.0, 1450.0], [1452.0, 1652.0]]
033_7 [[-38.0, 162.0], [168.0, 368.0], [439.0, 639.0], [1673.0, 1873.0], [2112.0, 2312.0], [2659.0, 2859.0], [3324.0, 3524.0], [3753.0, 3953.0], [4029.0, 4229.0]]
034_6 [[-12.0, 188.0], [200.0, 400.0], [3254.0, 3454.0]]
034_7 [[907.0, 1107.0]]
035_1 [[-38.0, 162.0]]
035_2 [[171.0, 371.0], [766.0, 966.0], [1566.0, 1766.0], [2061.0, 2261.0], [2374.0, 2574.0]]
035_3 [[120.0, 320.0], [599.0, 799.0], [927.0, 1127.0], [1180.0, 1380.0]]
035_4 [[3.0, 203.0], [687.0, 887.0], [1150.0, 1350.0], [1351.0, 1551.0]]
035_6 [[-51.0, 149.0], [220.0, 420.0], [1571.0, 1771.0], [2285.0, 2485.0], [2985.0, 3185.0], [4245.0, 4445.0], [4600.0, 4800.0], [5322.0, 5522.0]]
035_7 [[748.0, 948.0], [3582.0, 3782.0], [4589.0, 4789.0], [4933.0, 5133.0], [5167.0, 5367.0], [6037.0, 6237.0], [6876.0, 7076.0], [7216.0, 7416.0], [8034.0, 8234.0]]
036_2 [[907.0, 1107.0], [1250.0, 1450.0], [1560.0, 1760.0], [1873.0, 2073.0], [2419.0, 2619.0], [2672.0, 2872.0], [2873.0, 3073.0], [3348.0, 3548.0]]
036_4 [[950.0, 1150.0], [1278.0, 1478.0], [2803.0, 3003.0], [3074.0, 3274.0], [3459.0, 3659.0]]
036_6 [[838.0, 1038.0], [1212.0, 1412.0], [2328.0, 2528.0], [3131.0, 3331.0], [3509.0, 3709.0], [3798.0, 3998.0], [4045.0, 4245.0]]
036_7 [[46.0, 246.0], [679.0, 879.0], [1018.0, 1218.0], [1255.0, 1455.0], [1507.0, 1707.0], [2319.0, 2519.0], [5176.0, 5376.0], [5939.0, 6139.0], [7807.0, 8007.0]]
037_2 [[180.0, 380.0], [447.0, 647.0], [722.0, 922.0], [972.0, 1172.0]]
037_3 [[-88.0, 112.0], [206.0, 406.0], [914.0, 1114.0], [1190.0, 1390.0], [1608.0, 1808.0], [2007.0, 2207.0], [2448.0, 2648.0], [2695.0, 2895.0], [3062.0, 3262.0]]
037_4 [[92.0, 292.0], [617.0, 817.0], [856.0, 1056.0], [1243.0, 1443.0], [1462.0, 1662.0], [1885.0, 2085.0], [2771.0, 2971.0], [3137.0, 3337.0], [3460.0, 3660.0], [3781.0, 3981.0]]
037_5 [[264.0, 464.0], [502.0, 702.0], [796.0, 996.0], [1486.0, 1686.0], [1694.0, 1894.0], [3302.0, 3502.0], [4456.0, 4656.0]]
037_7 [[634.0, 834.0], [855.0, 1055.0]]